0.9648682559598427 3
3.0269431420458233 -0.9078947368421026
4.990094433071377 -6.118421052631575
6.981905831077043 7.973684210526315
8.935811926302577 11.052631578947366
10.97913227233704 23.96052631578947
12.935283629399706 25.02631578947368
14.997490589711404 21
17.009377270025738 17.092105263157894
18.980188866142754 5.0131578947368425
20.931981773756846 9.986842105263158
22.944000528296897 5.960526315789473
24.958000396222673 0.15789473684210975
26.95998150960841 5.131578947368418
28.963151291025568 9.039473684210527
30.974113451759862 5.960526315789473
32.993924585617094 -5.052631578947363
34.99022650729708 5.0131578947368425
36.9866605032028 14.960526315789473
39.01188668031433 -0.9078947368421026
40.96935877963415 -1.0263157894736779
43.030377071914415 -3.9868421052631504
44.988773690814256 -4.9342105263157805
46.981905831077015 7.973684210526315
49.006207488608595 -7.065789473684205
