1.068546523145983 0.03947368421053454
2.9756983424684478 0.03947368421053454
5.08175394571748 1.6973684210526372
6.878491712342324 10.69736842105263
8.877567192762328 18.276315789473685
10.978075678531312 24.907894736842103
12.88337845869377 26.565789473684205
14.794228356336248 23.249999999999996
17.007792379317166 18.513157894736842
18.91969887076536 14.249999999999996
20.73043650531598 10.69736842105263
22.941755266459722 7.973684210526315
25.001452816482853 6.19736842105263
26.96037773228555 4.776315789473685
29.069603116951725 3.5921052631578974
30.977811530079904 2.64473684210526
32.985868057848506 2.171052631578945
34.994056659842826 1.5789473684210549
36.901604701842444 1.2236842105263221
39.00977349270289 0.9868421052631646
41.017565872020086 0.7500000000000071
43.02535825133725 0.5131578947368496
45.03315063065443 0.27631578947369206
47.0409430099716 0.03947368421053454
48.948094829294064 0.03947368421053454
