0.05652908380766597 0.0000015223272120667986
1.8371952237491183 0.000033491198665247524
3.702654989402067 0.00006698239733049505
4.494062162709378 0.00008119078464297047
4.945381436843464 0.032405271920623924
5.62332448861223 0.04678010034166091
6.131781777438809 0.05756122165743882
6.640086833544176 0.07372833664946954
7.035435210515018 0.08630275942104892
7.4870589500915194 0.10785485320452426
7.8822043501007535 0.12761060087777398
8.277349750109988 0.1473663485510236
8.785198108051741 0.17969144457181252
9.180140531099369 0.2066285171467327
9.518604614579736 0.23176924361142703
9.913445549146555 0.26229697863718227
10.308286483713381 0.2928247136629376
10.646750567193749 0.31796544012763195
10.985011673712506 0.35028749149399685
11.379852608279332 0.3808152265197521
11.718265947519289 0.4077512842098642
12.169585221653378 0.4400753653458449
12.564400784100002 0.471500765984309
13.185129704815676 0.5101115510636755
13.693028806997834 0.5406413158590468
14.427044244410649 0.5711751401936503
15.104682830737005 0.5963219559671931
16.064966836101686 0.621473846164776
17.364577577033558 0.6412458319949541
18.49485478774446 0.6520381170436205
20.473118999810723 0.6610502941389896
22.168940769800276 0.6628760719086484
23.92129162359749 0.6647028645631151
25.108402383558456 0.6647241771440839
49.64197401184472 0.6669599683761895
50.20726484992137 0.6669701172242699
