1.0169055008914967 1.3421052631578974
2.9793964207884756 -3.276315789473678
4.994320808294248 -9.907894736842096
6.990358581522813 0.39473684210526727
8.997622663937108 0.6315789473684248
10.942679786039747 11.64473684210526
12.997490589711404 14.249999999999996
15.008320676220023 11.289473684210524
16.968962556956996 8.328947368421048
18.98903783926565 -2.921052631578938
20.990226507297095 2.7631578947368425
23.00158489070857 -0.671052631578938
25.01532061018291 -6.23684210526315
26.968830482731263 -2.802631578947363
29.02033943076009 2.7631578947368425
30.98018886614277 0.5131578947368496
32.99986792577428 -10.38157894736841
34.9973585154857 -1.3815789473684177
36.99326421448853 9.039473684210527
39.01915076272864 -7.421052631578938
40.97596249091988 -6.947368421052623
42.98600013207424 -9.197368421052623
44.99537740209999 -10.855263157894726
46.93805718813972 2.2894736842105274
49.01307534834578 -13.223684210526315
