0.9630192167998359 4.657894736842103
2.974509674437016 1.1052631578947398
4.985603909397071 -2.0921052631578902
6.923132800633937 15.671052631578949
8.97424552598558 21.592105263157894
10.966453146668414 35.32894736842105
12.973981377534173 35.32894736842105
14.936208148979716 30.94736842105263
16.94928349732548 25.97368421052631
19.02139602456579 13.065789473684209
20.923793171762526 17.32894736842105
22.98652842897708 12.828947368421051
24.951264610711206 6.19736842105263
26.951396684936938 12.828947368421051
29.00620748860861 15.434210526315791
30.967773888925592 11.64473684210526
32.98811331968568 0.15789473684210975
34.98322657333419 11.289473684210524
36.97979264346563 21.11842105263158
39.00475467212573 5.4868421052631575
40.962094697219854 5.4868421052631575
42.974113451759905 1.4605263157894797
45.032358185300126 0.9868421052631646
46.975566268242744 13.657894736842103
49.04926368619164 -0.671052631578938
