0.7996859219219417 0.000018316389874564272
1.157910167603788 0.00005705504581059702
1.5100685276579142 0.00013269666868150155
2.86950089556062 0.00036301070809711944
4.902920555432932 0.001246435150071441
7.259517121804667 0.002464575888512839
8.607491705743893 0.003882610878796674
10.95734839919594 0.005548932811674372
13.30990104181586 0.009030043216741819
16.99897048441152 0.013331349641860188
19.681439906450567 0.01728477161373692
23.36916137446229 0.023913907986472825
27.38882158376904 0.02905645977075305
31.409155780367765 0.036469812855645385
36.09808537060033 0.04431244155854308
40.785666986248984 0.05045688588796078
45.13726593685078 0.05384158357630118
50.82672966201223 0.0556181469995683
52.165268423863864 0.0556181469995683
53.14625692732564 0.018444251147499927
53.39462124441644 0.0002892201854154497
54.021429425948185 0.00003741201308268857
59.706175240065846 0.00003079065534847658
66.05816847323345 0.00002298956294698951
71.74156631276718 0.000017731324926289244
77.09100344912997 0.000014127013249071879
83.1070140172507 0.000009884728683388134
89.12504654724735 0.000007623865512254909
95.14375306453599 0.000006074134310238874
102.83293708497125 0.00000425009650550974
109.52293494506164 0.0000037325361980673748
118.8873143796874 0.0000028788199357976804
127.24711575563244 0.000002149444738283021
136.9414119696773 0.0000013208269494243897
144.96860061703535 0.0000010870606530800283
153.66303668344332 8.116439558801179e-7
162.0228380593884 6.060065822916222e-7
171.38317357026233 3.846765121770064e-7
179.74230095891542 2.780409484685458e-7
190.441175231641 1.7649283922760756e-7
196.45718579976176 1.2349275813416226e-7
206.48813866614543 8.364831565174744e-8
215.85319208806317 6.664481466484991e-8
223.8810547227132 5.66595225265985e-8
229.23318780824383 5.140162369330848e-8
236.59178106196805 4.370019588471925e-8
242.9491661934714 4.2304317492743905e-8
249.64051202814568 3.964489858056449e-8
255.32795379143124 3.715266139757062e-8
299.16375026748875 3.481709623036397e-8
