1.0050251256281406 4.241175127265933e-7
1.675041876046901 0.0000037337541952198094
4.020100502512566 0.0000073855619001687395
4.851359601747053 0.000012899532751144503
6.490395904757431 0.000019970066001315263
7.309914056262624 0.000022203565518949744
8.675777642104602 0.000035764612821619315
10.861159379451774 0.00005537293739375878
13.046541116798945 0.00008687399190578026
15.231922854146116 0.00011939886042402712
17.417304591493288 0.00014957992708499455
19.60268632884046 0.0001873900178552277
21.78806806618763 0.00021117093285199666
23.97344980353481 0.0002227311289236348
26.15883154088198 0.00023492416840515827
27.79786784389236 0.0002544089155228417
29.286784389236 0.0002544089155228417
31.0 0.0002479165734591888
31.62228588424991 0.0002479165734591888
33.807667621597076 0.0002415256466025375
35.99304935894425 0.00024161133698337328
38.17843109629142 0.00024169705776612074
40.36381283363859 0.0002203881048858496
42.54919457098576 0.00021470682170760653
44.73457630833293 0.00020370757249177859
46.919958045680104 0.0001932718055274674
49.105339783027276 0.00018095961056259288
51.29072152037445 0.00017629473633100413
54.02244869205842 0.00013008395937464396
56.20783042940559 0.00011101959223835516
58.39321216675276 0.00010959872498023701
60.57859390409993 0.0000986220685393589
62.763975641447104 0.00008992716331012941
64.94935737879428 0.00007985669246885132
67.13473911614145 0.00007677517764536497
69.32012085348862 0.00006466191012328706
71.50550259083579 0.00006468485138762886
73.69088432818296 0.0000621887884748839
75.87626606553013 0.0000530747524250456
78.0616478028773 0.000049040280428706215
80.24702954022447 0.000047147911155486904
82.43241127757165 0.000047164638664632855
84.61779301491882 0.000052451270971114236
86.80317475226599 0.00005605972684822992
88.98855648961316 0.00007211414770878163
91.17393822696033 0.0001031277214700378
93.3593199643075 0.0001291958482949279
95.54470170165467 0.00014178813213231868
97.73008343900185 0.00012100846783293949
99.64229245918064 0.00008467392040428685
101.0081560450226 0.000047307062319270166
102.64719234803299 0.000018735653150102176
104.83257408538016 0.00001708384508157804
107.01795582272733 0.000013115234367245155
109.2033375600745 0.000012443351982782424
111.38871929742167 0.000012781675973115326
113.57410103476884 0.000012618091649592646
115.75948277211602 0.000010349634544668106
117.94486450946319 0.000008950536680384474
120.13024624681036 0.00001008641336372056
122.31562798415753 0.000009443868076312885
124.5010097215047 0.000008611259927477355
126.68639145885187 0.000009326309864771612
128.87177319619906 0.000007449803462356481
131.05715493354623 0.000006030148003073272
133.2425366708934 0.000006617886202390897
135.42791840824057 0.000006533188198792222
137.61330014558774 0.000005801570756022198
139.79868188293491 0.000005360564935354293
141.9840636202821 0.000004574950948227834
144.16944535762926 0.000003853134256480797
146.35482709497643 0.0000035602386414167196
148.5402088323236 0.000003755137892941292
150.72559056967077 0.000004066951859479584
152.91097230701794 0.0000029222580048593756
155.0963540443651 0.000004124063304518035
157.28173578171229 0.000004180493566307149
159.46711751905946 0.0000031255152931520567
161.65249925640663 0.0000028124851225927954
163.8378809937538 0.000002927445593680114
166.02326273110097 0.000002814481148084107
168.20864446844814 0.0000018433618745936646
170.3940262057953 0.0000024673152457957707
172.3062352259741 0.0000023408129733062414
174.21844424615287 0.000003051161093148165
176.40382598350004 0.000002051982993698545
178.5892077208472 0.000001921263385558735
180.77458945819438 0.0000015758622188503959
182.68679847837316 0.0000023037440996482123
184.59900749855194 0.0000012929005553840222
186.7843892358991 0.000002001746862651877
188.1502528217411 0.000002111048279616777
188.96977097324628 0.000002111329113890308
190.60880727625667 9.801148480302577e-7
192.79418901360384 0.000001047543169940145
194.979570750951 0.0000011649611280001595
197.16495248829818 0.0000011052811528986893
198.80398879130857 0.000001384545990135163
200.44302509431893 7.735759422581626e-7
202.0820613973293 5.783070810904481e-7
203.9942704175081 7.341090360304803e-7
204.81378856901327 0.0000013496920050571166
205.90647943768687 0.000001349931411031319
206.99917030636044 5.942942063609769e-7
208.36503389220243 9.572652723046637e-7
209.73089747804443 0.000001009534843760658
210.823588346718 3.692636599771538e-7
212.46262464972838 4.687263544745069e-7
214.64800638707555 6.614943496208676e-7
216.01386997291755 6.616410212409295e-7
216.83338812442273 2.1768724031006759e-7
219.56511529610668 2.486035663478595e-7
220.93097888194868 2.8384774666214987e-7
221.75049703345385 2.178610526495111e-7
222.84318790212745 8.405646214152955e-7
223.93587877080103 8.632657227468385e-7
225.5749150738114 2.2090084407248714e-7
226.9407786596534 4.339611992000379e-7
227.7602968111586 7.176943985503053e-7
228.85298767983218 7.370771477780076e-7
230.49202398284254 1.7653260057716877e-7
232.40423300302135 7.375021422463727e-7
234.0432693060317 6.126617443652343e-8
234.86278745753688 0.000005095315170280654
235.95547832621045 0.000005096218968249108
237.04816919488408 2.1269712569936598e-7
238.68720549789444 1.815093443714398e-7
240.0530690837364 2.1850924136884017e-7
240.4172993732943 2.6069812101259904e-7
241.9652781039152 2.8481852388926677e-7
244.42383255843075 2.1866431775034908e-7
252.34584135631425 2.1894567426460652e-7
253.98487765932467 2.1900393114089817e-7
254.80439581082985 2.1903306539163852e-7
255.89708667950342 7.335061003401551e-8
259.99467743702934 2.8565326076947415e-7
261.0873683057029 2.857039294382685e-7
262.18005917437654 7.21410396714158e-8
262.9995773258817 7.215063664589722e-8
264.3654409117237 1.4362891313363038e-7
269.8288952550916 1.4375634154110402e-7
270.9215861237652 1.4378184078601728e-7
272.0142769924388 7.225628766426722e-8
282.39484024483784 7.23781380691192e-8
289.77050360838456 4.499795941731592e-8
292.50223078006854 7.24969793255256e-8
296.32664882042604 5.279990721292338e-8
