0.9852009240365796 0.00004400525396175455
1.8588569512521858 0.00026238108745542176
3.221659255614739 0.0008442778544093957
4.915726313980354 0.0023096427725362756
7.276366804103912 0.005548932811674372
9.62824545943187 0.008741604184612423
11.97810215288391 0.012493287584281266
14.327284859043989 0.01728477161373692
16.674445603328156 0.02169474158170024
19.35758901265918 0.02905645977075305
23.378597196549865 0.03767317522482461
27.062948728101734 0.04431244155854308
32.083817059629354 0.047284963858887946
36.76870272611011 0.047284963858887946
40.11504963073922 0.047284963858887946
43.792661289371395 0.040200328988912404
45.79642550839705 0.033085481715650567
48.13212846871774 0.023913907986472825
49.46460134494164 0.017855102034739005
50.79505225928966 0.012094225066812552
51.4569077800038 0.008462378516501199
52.44935406742907 0.0048732052444852144
52.726025850782605 0.0002987633297390468
53.542561455003764 3.5965925361282665e-8
71.9474694304639 3.5965925361282665e-8
72.62954456993714 6.664481466485019e-8
73.6199688954865 3.481709623036425e-8
299.4990589452436 3.596592536128237e-8
